2.254228602505997019e-04
5.542552339570510234e-04
0.000000000000000000e+00
9.997496591563083054e-03
1.494743094773064379e-03
1.012213608932151102e-03
1.132469123220979264e-02
6.880371652356893745e-05
1.668144815743432749e-04
6.202428639687822091e-03
2.528430378871763520e-04
9.162873536092194923e-04
7.055490381122268926e-04
6.024842935681748966e-04
1.407552347615875603e-04
2.828925992332016076e-04
1.866770400516112177e-02
0.000000000000000000e+00
8.556660262626060659e-04
1.352313777646687231e-03
1.601745568587603988e-03
3.208022211319223665e-05
1.584104181123577966e-03
9.469860726075807038e-05
8.260420790236651649e-05
5.081827719646441529e-04
2.910749532264201049e-04
4.583561560371217413e-04
4.121686470282535410e-04
4.614408632619653025e-04
1.056890832230755636e-04
6.042382744615462474e-05
1.303520682781083748e-04
6.896008860657955792e-06
3.231062581894092846e-04
1.199526746649489869e-03
2.617644295093995597e-04
3.216714303444927030e-03
1.378726089181625449e-03
6.189182204103400300e-04
2.520155481791458429e-02
9.686906951298408439e-03
1.826767966464467804e-02
2.894139261288223154e-04
8.996506477092413516e-05
1.351537162271285262e-03
7.389992000086503246e-04
1.383746618014102068e-03
0.000000000000000000e+00
1.424657164341128560e-02
1.589909495050032678e-02
2.905810715619812530e-03
4.778437232462586642e-02
6.418918024424534463e-03
4.670277251601481425e-03
4.115846276570453433e-03
5.274845829360995386e-02
2.530805359968503129e-02
5.644939433323768220e-03
5.624016630579845195e-04
8.428531206828943306e-05
2.141061140605850460e-04
2.158523667619917548e-03
7.966374060722157795e-04
2.083785958987244107e-04
3.340982158970018292e-03
2.713175906693319345e-03
2.713452621270500851e-04
3.098803801278513827e-03
3.453219043289232652e-04
5.433452197719783328e-03
2.203336768852397188e-04
7.584793736894013087e-04
2.374863628988721411e-03
9.710343665730217233e-03
1.006264384925440770e-02
6.416160511804291076e-05
6.021037927397643406e-04
2.166251666023854996e-04
1.251387141149495593e-03
3.510106283356097408e-04
5.174552905570148614e-04
1.865901977615429415e-04
5.842083743509805674e-04
1.224881207958249184e-04
6.304623794439361602e-04
2.212557962001598477e-04
4.125934624570930243e-02
1.312521778017601819e-04
2.961357068203238378e-04
9.696144134460847044e-04
1.943764664709745423e-04
4.742603537870677597e-05
8.382318232357836244e-04
2.176108400011540279e-04
1.398267564646496681e-04
8.564712796595199133e-05
0.000000000000000000e+00
2.651004461118584388e-04
2.015427307113579203e-02
7.184098344922660185e-04
0.000000000000000000e+00
2.075089675907074160e-02
1.193300078391153381e-03
1.520155360788017114e-04
9.101919112631649161e-05
9.426266610488342264e-05
4.624615810926442747e-04
8.409573704810751043e-04
4.728907871132395163e-05
4.751655729617876561e-05
4.735675051877535425e-05
6.866507908280087853e-04
5.836461996854614732e-04
2.748456559868448293e-04
3.589989872836453206e-04
1.942021679869593666e-04
3.375020145867339968e-04
2.429357086292969288e-04
6.425535487431126075e-04
1.176823748683667652e-04
8.777119494742018297e-04
6.990199143009288548e-04
1.604156747571124824e-03
9.518677461341353918e-04
7.183199253224481452e-04
9.649958349474243094e-04
0.000000000000000000e+00
1.187262384492111236e-03
1.837103071705255535e-03
3.991754097601884935e-04
4.293850903077225186e-04
4.201271143081976300e-04
0.000000000000000000e+00
2.462635760650287785e-04
3.583679786342965990e-04
1.684976514904678116e-04
3.418698137845037214e-04
3.610478822664256487e-05
3.932979128011649750e-04
6.246855296822947023e-04
9.348296203427721362e-04
1.426816782206339652e-03
9.651875125667291866e-05
6.712539120710041361e-04
3.054670653231234510e-03
4.620288289750412421e-04
8.671771706552642612e-05
9.268324006549248650e-04
3.059498108386589322e-04
3.652435088391287770e-04
1.141661984500772170e-04
6.374748445721987056e-04
3.578327006788829009e-04
9.451356670467193975e-05
3.431969375754672269e-04
5.208458588106654099e-04
3.840039469505348614e-04
2.565655769591529411e-03
6.769160377285360700e-04
1.402777790062637779e-04
5.008203333962231918e-04
3.017464497849719433e-04
8.440304877263873342e-04
3.208768923714727455e-05
4.909700065984093972e-04
4.332693777675748759e-03
3.692521739079887393e-04
2.120912867766332286e-04
1.162686816711212996e-03
0.000000000000000000e+00
3.383744135166262242e-04
2.710980697724235146e-04
2.630128380178952253e-04
1.321031357252523317e-04
2.403128392121834278e-04
1.890366801104880119e-04
3.211762037852734894e-05
1.748707828221795677e-04
4.280418195313388970e-03
2.269057375907372501e-04
1.027313457856243934e-04
9.051943702124979263e-04
1.711044741022986460e-04
2.161533684420160616e-04
4.518028972258449419e-03
5.781181137701759483e-05
2.740938132317968269e-03
8.755380049940919779e-04
1.494453492268454160e-04
4.914627197330324144e-04
1.261348611862202315e-04
1.392415117694434639e-04
9.065777603058206252e-05
1.092893039148866549e-04
3.206378410989153154e-04
6.635078774753094561e-04
2.854175273663477974e-04
7.347031396452390192e-04
1.738623166169012049e-04
1.258617171265381503e-03
3.134715887024849129e-03
2.701386889758972815e-02
2.022058525465037122e-03
5.933055169595796621e-04
3.340642343244801943e-04
0.000000000000000000e+00
1.412656585962603561e-04
1.610301345289649755e-04
7.767668828355736577e-03
6.468106956113055424e-03
0.000000000000000000e+00
1.647699855233757376e-04
4.225009540087663234e-04
8.054929791352978975e-04
1.949700203050520582e-03
0.000000000000000000e+00
3.197123768180376471e-04
2.552149079584554634e-04
1.538103734068412205e-04
7.350785366583495635e-03
4.471689207183043445e-04
1.502849734900234312e-03
9.899109196929464609e-04
1.552101105043421673e-04
4.228429516471959295e-04
7.155730843385179956e-04
0.000000000000000000e+00
4.489062670087969097e-04
0.000000000000000000e+00
2.904164163506875343e-04
2.069546291248886699e-02
2.266570264470724324e-04
2.094041713714371589e-02
2.726030745594534518e-04
1.212466551957378446e-04
3.524604842372403360e-04
1.886096384990921767e-04
2.165454172733948543e-04
6.166604497453608480e-04
1.808375122653371541e-04
9.571271042221708779e-05
2.622923977166911934e-04
2.852140360833224164e-04
4.652160524306831396e-05
3.609024987734126623e-05
2.556379156283256201e-04
3.933136827109349381e-04
7.672911119320360374e-04
5.719923533111622360e-04
7.853439150407606978e-04
1.731718762829866966e-04
0.000000000000000000e+00
1.872412587781199745e-03
1.237574399144408138e-04
5.250039147694056385e-04
1.422256951224961047e-04
8.499282629382043700e-05
4.372671912951785769e-05
3.176580838932715751e-04
2.637526628484270982e-04
4.711886428483489232e-04
4.467844402812630911e-04
1.590083613086708139e-04
7.349528620630972099e-04
6.880371652356893745e-05
3.907419437936387324e-04
4.652160524306831396e-05
9.437342562825613845e-03
8.974967408305479632e-04
2.488406788235259914e-04
2.030023312574901623e-02
8.688466044718219032e-05
2.936391795810651319e-03
1.100902912800167874e-02
6.430661372080920821e-04
2.643291662478414010e-03
0.000000000000000000e+00
2.464991627533135517e-04
1.241665622985778882e-04
2.365618873142976265e-04
3.221207956141826758e-04
2.509346716947996169e-03
1.471635750301152263e-04
2.497177910096963233e-04
0.000000000000000000e+00
6.184116973602206478e-05
2.408825474042400349e-05
0.000000000000000000e+00
3.028262940619033715e-04
0.000000000000000000e+00
0.000000000000000000e+00
3.851177410841872818e-05
1.956203853205355976e-04
2.485259706614297535e-03
1.111499706576905009e-03
5.237629036832557559e-03
4.556484628448663411e-05
2.188584178317225877e-04
1.922306036484423483e-03
3.449613175596054218e-04
1.984277941947976164e-04
1.682116930268076540e-03
4.460497851599355061e-04
0.000000000000000000e+00
0.000000000000000000e+00
6.875114075330295373e-05
6.825005509786801893e-05
0.000000000000000000e+00
1.487083435862794362e-04
1.139405461308511157e-03
0.000000000000000000e+00
3.849696307082574374e-05
7.699322960665641417e-05
9.100824387329977533e-03
4.277440341202860266e-05
2.342253908046314659e-03
2.380005931424697088e-05
6.138587100175738401e-03
1.534040328510793407e-03
6.897423127123528358e-05
0.000000000000000000e+00
2.009186684105025819e-04
0.000000000000000000e+00
1.469472907622962343e-03
6.881088869788900132e-05
2.947480485696959041e-04
0.000000000000000000e+00
6.226272709943413879e-04
2.915550934758416330e-04
1.085899947939430055e-03
2.299895916642072618e-04
3.436002142511848309e-04
0.000000000000000000e+00
1.786549534874314667e-04
0.000000000000000000e+00
1.940169181538015032e-04
0.000000000000000000e+00
1.173369384877712498e-04
0.000000000000000000e+00
3.609434889548404732e-05
2.918167130931682536e-04
1.781383192364967424e-04
1.044698269402975072e-04
5.209807313650440365e-04
0.000000000000000000e+00
1.927478535936536625e-04
0.000000000000000000e+00
1.353567383837809537e-04
1.523661175391318161e-03
4.379907788221949809e-05
6.371920359837938194e-04
0.000000000000000000e+00
4.416180035744400188e-05
1.879755955375195828e-04
2.706768740800594934e-04
9.252761489964956654e-05
1.203030095963304746e-04
1.259583235823882766e-04
2.820594809847411406e-03
0.000000000000000000e+00
1.187198307306510574e-04
5.210767362934210726e-05
2.286260173225239248e-04
9.629299885282188449e-05
1.777651336514284692e-04
7.863290599663582943e-05
5.480445420314387483e-04
4.112236061593526411e-04
4.527586043092725896e-04
1.320586642579127824e-04
5.866711956095243272e-05
6.404767410140480401e-04
0.000000000000000000e+00
3.599468824559950357e-04
3.982004332169687298e-04
3.897618257437975822e-04
1.093439014140207510e-04
9.245160549432483114e-05
1.712163146925120073e-04
4.277848757983294297e-05
8.923600995246235967e-04
0.000000000000000000e+00
0.000000000000000000e+00
1.090634713677910680e-04
1.834089841154138648e-03
2.837942955075386598e-04
1.800247796743015304e-04
0.000000000000000000e+00
9.145287231330712281e-05
1.264948175325379491e-04
1.654324324376352045e-04
4.689180369327838698e-05
9.243223535789056469e-05
3.420795749187724357e-04
9.263805099886963240e-04
1.294476378627485509e-04
6.396527871131800751e-04
0.000000000000000000e+00
8.459052976695089008e-05
4.277805748189061246e-04
8.547690760422934080e-05
0.000000000000000000e+00
3.149030427016033247e-04
5.837933342913480608e-04
1.711169193088903713e-04
4.813153385572091183e-05
0.000000000000000000e+00
0.000000000000000000e+00
1.674611271611304631e-04
2.279151123390095164e-04
4.927534922654939337e-03
3.836850349310453982e-04
9.068519431689038123e-05
5.271324151881520139e-04
8.251120089552155539e-05
0.000000000000000000e+00
3.368558517447442870e-04
1.851699136528354647e-04
2.916075770348644861e-04
0.000000000000000000e+00
2.060245436598875240e-02
4.289506077087946274e-04
4.301077904272527022e-03
1.014800911974018548e-04
5.786239084674280270e-04
2.248574728232422427e-03
1.157116270469114470e-03
2.079330797472294691e-03
2.555090287386476040e-03
9.635286113558206038e-05
1.254328756467107679e-04
1.136368243052618843e-03
6.010492652251946556e-04
3.555398497213591242e-04
0.000000000000000000e+00
1.284706919489280006e-04
9.841960726657912519e-05
6.616621994360983683e-05
0.000000000000000000e+00
3.744411647884825440e-04
2.241917520300185757e-04
1.640088509972213596e-04
3.368786005581850328e-04
3.920800025425608343e-04
8.521831083847396585e-03
9.327627217441383702e-04
9.446054626870931201e-04
3.892301929426608513e-03
4.609575357787569841e-03
2.491538997534877009e-02
6.016402466881166228e-04
7.829811787056278546e-04
5.386941702028582527e-04
4.049139407883557869e-03
1.089444783872267158e-04
8.139031116586525286e-04
6.823160337094410317e-04
1.264168877670591128e-03
2.935227397228447723e-04
5.569583777607975603e-06
2.521257131444557768e-04
7.027998608731519166e-05
0.000000000000000000e+00
4.584203775811007361e-05
0.000000000000000000e+00
3.015689298094244926e-04
0.000000000000000000e+00
0.000000000000000000e+00
1.676062979426211710e-04
0.000000000000000000e+00
0.000000000000000000e+00
1.605881676535175621e-04
0.000000000000000000e+00
1.315059979713264658e-03
7.876413864992044974e-05
3.018114841805480592e-04
4.454945456576658213e-05
0.000000000000000000e+00
2.906431378018756390e-04
3.607454328185222497e-05
1.147726118326951490e-04
4.817650948084800698e-05
2.351432661076841414e-04
4.650303819278278356e-05
4.560793876726787304e-05
3.768745953438640208e-04
4.703327406246442911e-05
5.038114943944012368e-04
4.586914434904597185e-05
0.000000000000000000e+00
0.000000000000000000e+00
8.123577350994576926e-05
4.671661525415561069e-05
0.000000000000000000e+00
6.381191769460222134e-04
1.460991739141913716e-03
7.231950598338045136e-04
0.000000000000000000e+00
9.222563914900025125e-04
5.934069834164067695e-05
3.209314509034894128e-05
4.701253688393016925e-03
2.102761185113493844e-03
8.063427466041970170e-04
1.544488141163246025e-04
3.663430759746105401e-04
4.283856440817708673e-03
7.081523679394293369e-04
1.498733200602709226e-04
6.211768821169798608e-05
2.097900972059838583e-04
1.371626643457804539e-03
2.895781761846886624e-04
4.248374163667770599e-04
2.298055454171234885e-02
5.225318511798355062e-04
4.569311790119706315e-05
3.542781085589228360e-04
1.482056027815761985e-06
3.869860128174307896e-04
1.671238062816339607e-03
2.006680124535269866e-02
0.000000000000000000e+00
1.829090028913668944e-04
5.973174834505174530e-04
2.412844838151969738e-04
1.999030498623355877e-04
1.845880777655221189e-04
4.014702547315919295e-05
3.533484922296558717e-04
2.037012692136601875e-04
4.928147018186693163e-04
3.712891974183914374e-04
6.172404324006521958e-04
5.462536574481889102e-05
4.277440341202860266e-05
1.659667322976293312e-04
3.792119409053839864e-05
5.524806384261066270e-04
2.841785187883742953e-04
2.238091191347981617e-04
3.066562380068630104e-04
3.609434889548404732e-05
2.327707167390166980e-04
1.714196087705139996e-04
7.062987158170900431e-05
4.212225293108299348e-05
2.947236274436902019e-04
2.582977003600025198e-04
1.864812647517434020e-04
3.012332505569788451e-04
3.206626069497975102e-05
3.774217356145248233e-04
1.049441259108428449e-04
1.372634144645200132e-04
6.338871633860276595e-04
5.645360728657774618e-04
4.769271702270815039e-02
2.664686177279678575e-02
2.073136235278521394e-02
